- OS: Windows-10-10.0.26100-SP0 10.0.26100
- Python: 3.11.13
- Stable-Baselines3: 2.6.0
- PyTorch: 2.7.1+cpu
- GPU Enabled: False
- Numpy: 2.3.1
- Cloudpickle: 3.1.1
- Gymnasium: 1.1.1
- OpenAI Gym: 0.26.2
